0.125713
0.211426
0.211426
0.211426
0.211426
0.211426
0.242854
0.245712
0.248569
0.251426
0.254283
0.285711
0.288568
0.291425
0.294282
0.382853
0.388568
0.394282
0.399996
0.40571
0.411425
0.42571
0.439996
0.454281
0.468567
0.482852
0.494281
0.505709
0.517138
0.528566
0.539994
0.551423
0.562851
0.57428
0.585708
0.597137
0.60428
0.611422
0.618565
0.625708
0.632851
0.639994
0.648565
0.657136
0.665708
0.674279
0.68285
0.694279
0.705707
0.717136
0.728564
0.81142
0.817134
0.822849
0.828563
0.834277
0.854277
0.859991
0.865705
0.87142
0.877134
0.882848
0.885705
0.888562
0.89142
0.894277
0.911419
0.914276
0.917134
0.919991
0.922848
0.982847
0.982847
0.982847
0.982847
0.982847
0.982847
0.982847
0.982847
0.982847
0.982847
0.93999
0.937609
0.935228
0.932848
0.930467
0.928086
0.911419
0.911419
0.911419
0.911419
0.911419
0.897134
0.894276
0.891419
0.888562
0.885705
0.854277
0.85142
0.848563
0.845706
0.842849
0.782849
0.779992
0.777135
0.774278
0.771421
0.768564
0.762849
0.757135
0.751421
0.745707
0.739993
0.734278
0.728564
0.72285
0.717136
0.711421
0.711421
0.711421
0.711421
0.711421
0.711421
0.70666
0.701898
0.697136
0.692374
0.687612
0.68285
0.677136
0.671422
0.665708
0.659993
0.654279
0.651422
0.648565
0.645708
0.642851
0.639993
0.637136
0.634279
0.631422
0.628565
0.625708
0.619994
0.61428
0.608565
0.602851
0.597137
0.59428
0.591423
0.588565
0.585708
0.582851
0.579994
0.577137
0.57428
0.571423
0.568566
0.568566
0.568566
0.568566
0.568566
0.568566
0.562852
0.557137
0.551423
0.545709
0.525709
0.523328
0.520947
0.518566
0.516185
0.513804
0.497138
0.494281
0.491424
0.488567
0.485709
0.482852
0.482852
0.482852
0.482852
0.482852
0.454281
0.454281
0.454281
0.454281
0.454281
0.454281
0.454281
0.454281
0.454281
0.454281
0.454281
0.451424
0.448567
0.44571
0.442853
0.439996
0.434281
0.428567
0.422853
0.417139
0.411425
0.408567
0.40571
0.402853
0.399996
0.397139
0.391425
0.385711
0.379996
0.374282
0.368568
0.368568
0.368568
0.368568
0.368568
0.368568
0.368568
0.365711
0.362854
0.359996
0.357139
0.339997
0.33714
0.334282
0.331425
0.328568
0.325711
0.322854
0.319997
0.31714
0.314283
0.311426
0.308568
0.305711
0.302854
0.299997
0.29714
0.295711
0.294283
0.292854
0.291426
0.289997
0.288569
0.28714
0.285712
0.284283
0.282855
0.281556
0.280257
0.278958
0.27766
0.276361
0.275062
0.273764
0.272465
0.271166
0.269868
0.268569
0.26714
0.265712
0.264283
0.262855
0.261426
0.259997
0.258569
0.25714
0.255712
0.254283
0.251426
0.248569
0.245712
0.242855
0.239998
0.239998
0.239998
0.239998
0.239998
0.239998
0.239998
0.239998
0.239998
0.239998
0.239998
0.238569
0.237141
0.235712
0.234284
0.232855
0.231426
0.229998
0.228569
0.227141
0.225712
0.224819
0.223926
0.223034
0.222141
0.221248
0.220355
0.219462
0.218569
0.217677
0.216784
0.215891
0.214998
0.214105
0.213212
0.212319
0.211427
0.211427
0.211427
0.211427
0.211427
0.211427
0.209998
0.20857
0.207141
0.205712
0.204284
0.202855
0.201427
0.199998
0.19857
0.197141
0.195713
0.194284
0.192855
0.191427
0.189998
0.18857
0.187141
0.185713
0.184284
0.182855
0.182855
0.182855
0.182855
0.182855
0.182855
0.182855
0.182855
0.182855
0.182855
0.182855
0.180475
0.178094
0.175713
0.173332
0.170951
0.16857
0.16857
0.16857
0.16857
0.16857
0.16857
0.16857
0.16857
0.16857
0.16857
0.16857
0.16857
0.16857
0.16857
0.16857
0.16857
0.16857
0.16857
0.16857
0.16857
0.16857
0.16857
0.16857
0.16857
0.16857
0.16857
0.16857
0.16857
0.16857
0.16857
0.16857
0.16857
0.16857
0.16857
0.16857
0.16857
0.16857
0.16857
0.16857
0.16857
0.16857
0.16857
0.16857
0.16857
0.16857
0.16857
0.16857
0.139999
0.139998
0.139602
0.139205
0.138808
0.138411
0.138014
0.137618
0.137221
0.136824
0.136427
0.13603
0.135633
0.135237
0.13484
0.134443
0.134046
0.133649
0.133253
0.132856
0.132459
0.132062
0.131665
0.131268
0.130872
0.130475
0.130078
0.129681
0.129284
0.128888
0.128491
0.128094
0.127697
0.1273
0.126903
0.126507
0.12611
0.125713
0.124285
0.122856
0.121427
0.119999
0.11857
0.117142
0.115713
0.114285
0.112856
0.111427
0.109999
0.10857
0.107142
0.105713
0.104285
0.102856
0.101428
0.099999
0.0985705
0.0971419
0.0957133
0.0942848
0.0928562
0.0914277
0.0899991
0.0885705
0.087142
0.0857134
0.0842849
0.0828563
0.0819634
0.0810706
0.0801778
0.0792849
0.0783921
0.0774992
0.0766064
0.0757135
0.0748207
0.0739278
0.073035
0.0721421
0.0712493
0.0703564
0.0694636
0.0685707
0.0685707
0.0685707
0.0685707
0.0685707
0.0685707
0.0685707
0.0685707
0.0685707
0.0685707
0.0685707
0.0685707
0.0685707
0.0685707
0.0685707
0.0685707
0.0685707
0.0685707
0.0685707
0.0685707
0.0685707
0.0685707
0.0685707
0.0685707
0.0685707
0.0685707
0.0685707
0.0685707
0.0685707
0.0685707
0.0685707
0.0685707
0.0685707
0.0685707
0.0685707
0.0685707
0.0682223
0.0678739
0.0675255
0.067177
0.0668286
0.0664802
0.0661318
0.0657833
0.0654349
0.0650865
0.0647381
0.0643896
0.0640412
0.0636928
0.0633443
0.0629959
0.0626475
0.0622991
0.0619506
0.0616022
0.0612538
0.0609053
0.0605569
0.0602085
0.0598601
0.0595116
0.0591632
0.0588148
0.0584663
0.0581179
0.0577695
0.057421
0.0570726
0.0567242
0.0563757
0.0560273
0.0556789
0.0553305
0.054982
0.0546336
0.0542851
0.0540719
0.0538587
0.0536455
0.0534323
0.0532191
0.0530058
0.0527926
0.0525794
0.0523662
0.052153
0.0519398
0.0517265
0.0515133
0.0513001
0.0510869
0.0508737
0.0506605
0.0504472
0.050234
0.0500208
0.0498076
0.0495944
0.0493812
0.0491679
0.0489547
0.0487415
0.0485283
0.0483151
0.0481018
0.0478886
0.0476754
0.0474622
0.047249
0.0470358
0.0468225
0.0466093
0.0463961
0.0461829
0.0459697
0.0457565
0.0455432
0.04533
0.0451168
0.0449036
0.0446904
0.0444772
0.0442639
0.0440507
0.0438375
0.0436243
0.0434111
0.0431979
0.0429846
0.0427714
0.0425582
0.042345
0.0421318
0.0419186
0.0417053
0.0414921
0.0412789
0.0410657
0.0408525
0.0406393
0.040426
0.0402128
0.0399996
0.0399996
0.0399996
0.0399996
0.0399996
0.0399996
0.0399996
0.0399996
0.0399996
0.0399996
0.0399996
0.0399996
0.0399996
0.0399996
0.0399996
0.0399996
0.0399996
0.0399996
0.0399996
0.0399996
0.0399996
0.0399996
0.0399996
0.0399996
0.0399996
0.0399996
0.0399996
0.0399996
0.0399996
0.0399996
0.0399996
0.0399996
0.0399996
0.0399996
0.0399996
0.0399996
0.0399996
0.0399996
0.0399996
0.0399996
0.0399996
0.0399996
0.0399996
0.0399996
0.0399996
0.0399996
0.0399996
0.0399996
0.0399996
0.0399996
0.0399996
0.0399996
0.0399996
0.0399996
0.0399996
0.0399996
0.0399996
0.0399996
0.0399996
0.0399996
0.0399996
0.0399996
0.0399996
0.0399996
0.0399996
0.0399996
0.0399996
0.0399996
0.0399996
0.0399996
0.0399996
0.0399996
0.0399996
0.0399996
0.0399996
0.0399996
0.0399996
0.0399996
0.0390472
0.0380949
0.0371425
0.0361901
0.0352377
0.0342854
0.033333
0.0323806
0.0314283
0.0304759
0.0295235
0.0285711
0.0276188
0.0266664
0.025714
0.0247617
0.0238093
0.0228569
0.0219046
0.0209522
0.0199998
0.0190474
0.0180951
0.0171427
0.0161903
0.015238
0.0142856
0.0133332
0.0123808
0.0114285
0.0114285
0.0114285
0.0114285
0.0114285
0.0114285
0.0114285
0.0114285
0.0114285
0.0114285
0.0114285
0.0114285
0.0114285
0.0114285
0.0114285
0.0114285
0.0114285
0.0114285
0.0114285
0.0114285
0.0114285
0.0114285
0.00999992
0.00857136
0.00714281
0.00571425
0.00428569
0.00285714
0.00142858
2.37953e-08
-0.00142853
-0.00285709
-0.00285709
-0.00285709
-0.00285709
-0.00285709
-0.00285709
-0.00285709
-0.00285709
-0.00285709
-0.00285709
-0.00285709
-0.00285709
-0.00285709
-0.00285709
-0.00285709
-0.00285709
-0.00285709
-0.00285709
-0.00285709
-0.00285709
-0.00285709
-0.00374994
-0.00464278
-0.00553563
-0.00642848
-0.00732133
-0.00821418
-0.00910702
-0.00999987
-0.0108927
-0.0117856
-0.0126784
-0.0135713
-0.0144641
-0.015357
-0.0162498
-0.0171427
-0.0171427
-0.0171427
-0.0171427
-0.0171427
-0.0171427
-0.0171427
-0.0171427
-0.0171427
-0.0171427
-0.0171427
-0.0171427
-0.0171427
-0.0171427
-0.0171427
-0.0171427
-0.0171427
-0.0171427
-0.0171427
-0.0171427
-0.0171427
-0.0171427
-0.0171427
-0.0171427
-0.0171427
-0.0171427
-0.0171427
-0.0171427
-0.0171427
-0.0171427
-0.0171427
-0.0171427
-0.0171427
-0.0171427
-0.0171427
-0.0171427
-0.0171427
-0.0171427
-0.0171427
-0.0171427
-0.0171427
-0.0171427
-0.0171427
-0.0171427
-0.0171427
-0.0171427
-0.0171427
-0.0171427
-0.0171427
-0.0171427
-0.0171427
-0.0171427
-0.0171427
-0.0171427
-0.0171427
-0.0171427
-0.0171427
-0.0171427
-0.0171427
-0.0171427
-0.0171427
-0.0171427
-0.0171427
-0.0171427
-0.0171427
-0.0171427
-0.0171427
-0.0171427
-0.0171427
-0.0171427
-0.0171427
-0.0171427
-0.0171427
-0.0171427
-0.0171427
-0.0171427
-0.0171426
-0.0176921
-0.0182415
-0.018791
-0.0193404
-0.0198899
-0.0204393
-0.0209888
-0.0215382
-0.0220877
-0.0226371
-0.0231865
-0.023736
-0.0242854
-0.0248349
-0.0253843
-0.0259338
-0.0264832
-0.0270327
-0.0275821
-0.0281315
-0.028681
-0.0292304
-0.0297799
-0.0303293
-0.0308788
-0.0314282
-0.0314282
-0.0314282
-0.0314282
-0.0314282
-0.0314282
-0.0314282
-0.0314282
-0.0314282
-0.0314282
-0.0314282
-0.0314282
-0.0314282
-0.0314282
-0.0314282
-0.0314282
-0.0314282
-0.0314282
-0.0314282
-0.0314282
-0.0314282
-0.0314282
-0.0314282
-0.0314282
-0.0314282
-0.0314282
-0.0314282
-0.0314282
-0.0314282
-0.0314282
-0.0314282
-0.0314282
-0.0314282
-0.0314282
-0.0314282
-0.0314282
-0.0314282
-0.0314282
-0.0314282
-0.0314282
-0.0314282
-0.0314282
-0.0314282
-0.0314282
-0.0314282
-0.0314282
-0.0314282
-0.0314282
-0.0314282
-0.0314282
-0.0314282
-0.0314282
-0.0314282
-0.0314282
-0.0314282
-0.0314282
-0.0314282
-0.0314282
-0.0314282
-0.0314282
-0.0314282
-0.0314282
-0.0314282
-0.0314282
-0.0314282
-0.0314282
-0.0314282
-0.0314282
-0.0314282
-0.0314282
-0.0314282
-0.0314282
-0.0314282
-0.0314282
-0.0314282
-0.0314282
-0.0314282
-0.0314282
-0.0314282
-0.0314282
-0.0314282
-0.0314282
-0.0314282
-0.0314282
-0.0314282
-0.0314282
-0.0314282
-0.0314282
-0.0314282
-0.0314282
-0.0314282
-0.0314282
-0.0314282
-0.0314282
-0.0314282
-0.0314282
-0.0314282
-0.0314282
-0.0314282
-0.0314282
-0.0314282
-0.0314282
-0.0314282
-0.0314282
-0.0314282
-0.0314282
-0.0314282
-0.0314282
-0.0314282
-0.0314282
-0.0314282
-0.0314282
-0.0314282
-0.0314282
-0.0314282
-0.0314282
-0.0314282
-0.0314282
-0.0314282
-0.0314282
-0.0314282
-0.00285709
