-0.00666714
0.00666642
0.146669
0.151669
0.156669
0.161669
0.20667
0.213337
0.220003
0.22667
0.233337
0.23667
0.240004
0.243337
0.426674
0.430007
0.43334
0.436674
0.486675
0.490008
0.493341
0.496675
0.533342
0.537342
0.541342
0.545342
0.549342
0.560009
0.563343
0.566676
0.570009
0.626677
0.63001
0.633344
0.636677
0.740012
0.740846
0.741679
0.742512
0.743346
0.744179
0.745012
0.745846
0.80668
0.808347
0.810013
0.81168
0.846681
0.848347
0.850014
0.851681
0.960016
0.961683
0.963349
0.965016
1.02002
1.02002
1.02002
1.02002
1.03335
1.03168
1.03002
1.02835
0.980016
0.980016
0.980016
0.80668
0.80668
0.80668
0.80668
0.80668
0.80668
0.80668
0.80668
0.633343
0.631677
0.63001
0.628343
0.626677
0.62501
0.623343
0.621677
0.580009
0.576676
0.573343
0.570009
0.553342
0.551676
0.550009
0.548342
0.526675
0.521675
0.516675
0.511675
0.506675
0.502675
0.498675
0.494675
0.490675
0.473341
0.473341
0.473341
0.473341
0.460007
0.458341
0.456674
0.455007
0.453341
0.451674
0.450007
0.448341
0.446674
0.44334
0.440007
0.436674
0.43334
0.430007
0.426674
0.42334
0.420007
0.41834
0.416673
0.415007
0.41334
0.411673
0.410007
0.40834
0.400006
0.39834
0.396673
0.395006
0.373339
0.371673
0.370006
0.368339
0.360006
0.358672
0.357339
0.356006
0.354672
0.353339
0.351672
0.350006
0.348339
0.340005
0.340005
0.340005
0.340005
0.306672
0.303338
0.300005
0.296671
0.293338
0.291671
0.290005
0.288338
0.273338
0.273338
0.273338
0.273338
0.260004
0.260004
0.260004
0.260004
0.24667
0.245004
0.243337
0.24167
0.240004
0.240004
0.240004
0.240004
0.22667
0.225003
0.223337
0.22167
0.220003
0.218337
0.21667
0.215003
0.20667
0.20667
0.20667
0.20667
0.20667
0.193336
0.193336
0.193336
0.193336
0.186669
0.186669
0.186669
0.186669
0.180003
0.178336
0.176669
0.175003
0.173336
0.173336
0.173336
0.173336
0.173336
0.171669
0.170003
0.168336
0.166669
0.165002
0.163336
0.161669
0.160002
0.160002
0.160002
0.160002
0.160002
0.159169
0.158336
0.157502
0.156669
0.155836
0.155002
0.154169
0.153336
0.152595
0.151854
0.151113
0.150373
0.149632
0.148891
0.14815
0.14741
0.146669
0.146669
0.146669
0.146669
0.146669
0.145835
0.145002
0.144169
0.143335
0.142502
0.141669
0.140835
0.140002
0.138335
0.136669
0.135002
0.133335
0.133335
0.133335
0.133335
0.133335
0.131669
0.130002
0.128335
0.126668
0.126668
0.126668
0.126668
0.126668
0.126668
0.126668
0.126668
0.126668
0.123335
0.120002
0.116668
0.113335
0.113335
0.113335
0.113335
0.113335
0.113335
0.113335
0.113335
0.113335
0.106668
0.106668
0.106668
0.106668
0.0933346
0.0933346
0.0933346
0.0933346
0.0866678
0.0866678
0.0866678
0.0866678
0.0866678
0.0866678
0.0866678
0.0866678
0.0866678
0.0850011
0.0833344
0.0816677
0.080001
0.080001
0.080001
0.080001
0.080001
0.0783343
0.0766676
0.0750009
0.0733342
0.0733342
0.0733342
0.0733342
0.0733342
0.0733342
0.0733342
0.0733342
0.0733342
0.0720009
0.0706675
0.0693341
0.0680008
0.0666674
0.0666674
0.0666674
0.0666674
0.0666674
0.0666674
0.0666674
0.0666674
0.0666674
0.0666674
0.0666674
0.0666674
0.0666674
0.0666674
0.0666674
0.0666674
0.0666674
0.0666674
0.0666674
0.0666674
0.0666674
0.0666674
0.0666674
0.0666674
0.0666674
0.0666674
0.0666674
0.0666674
0.0666674
0.0666674
0.0666674
0.0666674
0.0666674
0.0666674
0.0666674
0.0666674
0.0666674
0.0666674
0.0666674
0.0666674
0.0666675
0.0661546
0.0656418
0.065129
0.0646161
0.0641033
0.0635905
0.0630776
0.0625648
0.062052
0.0615392
0.0610263
0.0605135
0.0600007
0.0600007
0.0600007
0.0600007
0.0600007
0.0600007
0.0600007
0.0600007
0.0600007
0.0600007
0.0600007
0.0600007
0.0600007
0.0600007
0.0600007
0.0600007
0.0600007
0.058334
0.0566673
0.0550006
0.0533339
0.0533339
0.0533339
0.0533339
0.0533339
0.0533339
0.0533339
0.0533339
0.0533339
0.0533339
0.0533339
0.0533339
0.0533339
0.0533339
0.0516672
0.0500005
0.0483338
0.0466671
0.0466671
0.0466671
0.0466671
0.0466671
0.0458338
0.0450004
0.0441671
0.0433337
0.0425004
0.041667
0.0408337
0.0400003
0.0400003
0.0400003
0.0400003
0.0400003
0.0400003
0.0400003
0.0400003
0.0400003
0.0400003
0.0400003
0.0400003
0.0400003
0.0400003
0.0400003
0.0400003
0.0400003
0.0400003
0.0400003
0.0400003
0.0400003
0.0400003
0.0400003
0.0400003
0.0400003
0.0400003
0.0400003
0.0400003
0.0400003
0.0400003
0.0400003
0.0400003
0.0400003
0.0400003
0.0400003
0.0400003
0.0400003
0.0400003
0.0400003
0.0400003
0.0400003
0.0400003
0.0400003
0.0400003
0.0400003
0.0400003
0.0400003
0.0400003
0.0400003
0.0400003
0.0400003
0.0400003
0.0400003
0.0400003
0.0400003
0.0400003
0.0400003
0.0400003
0.0400003
0.0400003
0.0400003
0.0400003
0.0400003
0.0400003
0.0400003
0.0400003
0.0400003
0.0400003
0.0400003
0.0400003
0.0400003
0.0400003
0.0400003
0.0400003
0.0400003
0.0400003
0.0400003
0.0400003
0.0400003
0.0400003
0.0400003
0.0400003
0.0400003
0.0400003
0.0400003
0.0400003
0.0400003
0.0400003
0.0400003
0.0400003
0.0400003
0.0395836
0.039167
0.0387503
0.0383336
0.037917
0.0375003
0.0370836
0.0366669
0.0362503
0.0358336
0.0354169
0.0350002
0.0345836
0.0341669
0.0337502
0.0333335
0.0325492
0.0317649
0.0309805
0.0301962
0.0294119
0.0286276
0.0278432
0.0270589
0.0262746
0.0254903
0.0247059
0.0239216
0.0231373
0.022353
0.0215686
0.0207843
0.02
0.02
0.02
0.02
0.02
0.02
0.02
0.02
0.02
0.02
0.02
0.02
0.02
0.02
0.02
0.02
0.02
0.02
0.02
0.02
0.02
0.02
0.02
0.02
0.02
0.02
0.02
0.02
0.02
0.02
0.02
0.02
0.02
0.02
0.02
0.02
0.02
0.02
0.02
0.02
0.02
0.02
0.02
0.02
0.02
0.02
0.02
0.02
0.02
0.02
0.02
0.02
0.02
0.02
0.02
0.02
0.02
0.02
0.02
0.02
0.02
0.02
0.02
0.02
0.02
0.02
0.0194872
0.0189743
0.0184615
0.0179487
0.0174358
0.016923
0.0164102
0.0158973
0.0153845
0.0148717
0.0143589
0.013846
0.0133332
0.0133332
0.0133332
0.0133332
0.0133332
0.0133332
0.0133332
0.0133332
0.0133332
0.0133332
0.0133332
0.0133332
0.0133332
0.0133332
0.0133332
0.0133332
0.0133332
0.0133332
0.0133332
0.0133332
0.0133332
0.0133332
0.0133332
0.0133332
0.0133332
0.0133332
0.0133332
0.0133332
0.0133332
0.0133332
0.0133332
0.0133332
0.0133332
0.0133332
0.0133332
0.0133332
0.0133332
0.0133332
0.0133332
0.0133332
0.0133332
0.0119998
0.0106665
0.00933313
0.00799978
0.00666642
0.00666642
0.00666642
0.00666642
0.00666642
0.00666642
0.00666642
0.00666642
0.00666642
0.00666642
0.00666642
0.00666642
0.00666642
0.00666642
0.00666642
0.00666642
0.00666642
0.00666642
0.00666642
0.00666642
0.00666642
0.00666642
0.00666642
0.00666642
0.00666642
0.00666642
0.00666642
0.00666642
0.00666642
0.00666642
0.00666642
0.00666642
0.00666642
0.00666642
0.00666642
0.00666642
0.00666642
0.00666642
0.00666642
0.00666642
0.00666642
0.00666642
0.00666642
0.00666642
0.00666642
0.00666642
0.00666642
0.00666642
0.00666642
0.00666642
0.00666642
0.00666642
0.00666642
0.00666642
0.00666642
0.00666642
0.00666642
0.00666642
0.00666642
0.00666642
0.00666642
0.00666642
0.00666642
0.00666642
0.00666642
0.00666642
0.00499973
0.00333303
0.00166634
-3.57628e-07
-3.57628e-07
-3.57628e-07
-3.57628e-07
-3.57628e-07
-3.57628e-07
-3.57628e-07
-3.57628e-07
-3.57628e-07
-3.57628e-07
-3.57628e-07
-3.57628e-07
-3.57628e-07
-3.57628e-07
-3.57628e-07
-3.57628e-07
-3.57628e-07
-3.57628e-07
-3.57628e-07
-3.57628e-07
-3.57628e-07
-3.57628e-07
-3.57628e-07
-3.57628e-07
-3.57628e-07
-3.57628e-07
-3.57628e-07
-3.57628e-07
-3.57628e-07
0.00666642
0.00666642
0.00666642
0.00666642
0.00666642
0.00666642
0.00666642
0.00666642
0.00666642
0.00666642
0.00666642
0.00666642
0.00666642
0.00666642
0.00666642
0.00666642
0.00666642
0.00666642
0.00666642
0.00666642
0.00666642
0.00666642
0.00666642
0.00666642
0.00666642
0.00666642
0.00666642
0.00666642
0.00666642
0.00666642
0.00666642
0.00666642
0.00666642
0.00666642
0.00666642
0.00666642
0.00666642
0.00666642
0.00666642
0.00666642
0.00666642
0.00666642
0.00666642
0.00666642
0.00666642
0.00666642
0.00666642
0.00666642
0.00666642
0.00666642
0.00666642
0.00666642
0.00666642
0.00666642
0.00666642
0.00666642
0.00666642
0.00666642
0.00666642
0.00666642
0.00666642
0.00666642
0.00666642
0.00666642
0.00666642
0.00666642
0.00666642
0.00666642
0.00666642
0.00666642
0.00666642
0.00666642
0.00666642
0.00666642
0.00666642
0.00666642
0.00666642
0.00666642
0.00666642
0.00666642
0.00666642
0.00666642
0.00666642
0.00666642
0.00666642
0.00666642
0.00666642
0.00666642
0.00666642
0.00666642
0.00666642
0.00666642
0.00666642
0.00666642
0.00666642
0.00666642
0.00666642
0.00666642
0.00666642
0.00666642
0.00666642
0.00666642
0.00666642
0.00666642
0.00666642
0.00666642
0.00666642
0.00666642
0.00666642
0.00666642
0.00666642
0.00666642
0.00666642
0.00666642
0.00666642
0.00666642
0.00666642
0.00666642
0.00666642
0.00666642
0.00666642
0.00666642
0.00666642
0.00666642
0.00666642
0.00666642
0.00666642
0.00666642
0.00666642
0.00666642
0.00666642
0.00666642
0.00666642
0.00666642
0.00666642
0.00666642
0.00666642
0.00666642
0.00666642
0.00666642
0.00666642
0.00666642
0.00666642
0.00666642
0.00666642
0.00666642
0.00666642
0.00666642
0.00666642
0.00666642
0.00666642
0.00666642
0.00666642
0.00666642
0.00666642
0.00666642
0.00666642
0.00666642
0.00666642
0.00666642
0.00666642
0.00666642
0.00666642
0.00666642
0.00666642
0.00666642
0.00666642
0.00666642
0.00666642
0.00666642
0.00666642
0.00666642
0.00666642
0.00666642
0.00666642
0.00666642
0.00666642
0.00666642
0.00666642
0.00666642
0.00666642
0.00666642
0.00666642
0.00666642
0.00666642
0.00666642
0.00666642
0.00666642
0.00666642
0.00666642
0.00666642
0.00666642
0.00666642
0.00666642
0.00666642
0.00666642
0.00666642
0.00666642
0.00666642
0.00666642
0.00666642
0.00666642
0.00666642
0.00666642
0.00666642
0.00666642
0.00666642
0.00666642
0.00666642
0.00666642
0.00666642
0.00666642
0.00666642
0.00666642
0.00666642
0.00666642
0.00666642
0.00666642
0.00666642
0.00666642
0.00666642
0.00666642
0.00666642
0.00666642
0.00666642
0.00666642
0.00666642
0.00666642
0.00666642
0.00666642
0.00666642
0.00666642
0.00666642
0.00666642
0.00666642
0.00666642
0.00666642
0.00666642
0.00666642
0.00666642
0.00666642
0.00666642
0.00666642
0.00666642
0.00666642
0.00666642
0.00666642
0.00666642
0.00666642
0.00666642
0.00666642
0.00666642
0.00666642
0.00666642
0.00666642
0.00666642
0.00666642
0.00666642
0.00666642
0.00666642
0.00666642
0.00666642
0.00666642
0.00666642
0.00666642
0.00666642
0.00666642
0.00666642
0.00666642
0.00666642
0.00666642
0.00666642
0.00666642
0.00666642
0.00666642
0.00666642
0.00666642
0.00666642
0.00666642
0.00666642
0.00666642
0.00666642
0.00666642
0.00666642
0.00666642
0.00666642
0.00666642
0.00666642
0.00666642
0.00666642
0.00666642
0.00666642
0.00666642
0.00666642
0.00666642
0.00666642
0.00666642
0.00666642
0.00666642
0.00666642
0.00666642
0.00666642
0.00666642
0.00666642
0.00666642
0.00666642
0.00666642
0.00666642
0.00666642
0.00666642
0.00666642
0.00666642
0.00666642
0.00666642
0.00666642
0.00666642
0.00666642
0.00666642
0.00666642
0.00666642
0.00666642
0.00666642
0.00666642
0.00666642
0.00666642
0.00666642
0.00666642
0.00666642
0.00666642
0.00666642
0.00666642
0.00666642
0.00666642
0.00666642
0.00666642
0.00666642
0.00666642
0.00666642
0.00666642
0.00666642
0.00666642
0.00666642
0.00666642
0.00666642
0.00666642
0.00666642
0.00666642
0.00666642
0.00666642
0.00666642
0.00666642
0.00666642
0.00666642
0.00666642
0.00666642
0.00666642
0.00666642
0.00666642
0.00666642
0.00666642
0.00666642
0.00666642
0.00666642
0.00666642
0.00666642
0.00666642
0.00666642
0.00666642
0.00666642
0.00666642
0.00666642
0.00666642
0.00666642
0.00666642
0.00666642
0.00666642
0.00666642
0.00666642
0.00666642
0.00666642
0.00666642
0.00666642
0.00749977
0.00833312
0.00916646
0.00999981
0.0108332
0.0116665
0.0124999
0.0133332
0.0133332
0.0133332
0.0133332
0.0133332
0.0133332
0.0133332
0.0133332
0.0133332
0.0133332
0.0133332
0.0133332
0.0133332
0.0133332
0.0133332
0.0133332
0.0133332
0.0133332
0.0133332
0.0133332
0.0133332
0.0133332
0.0133332
0.0133332
0.0133332
0.0133332
0.0133332
0.0133332
0.0133332
0.0133332
0.0133332
0.0133332
0.0133332
0.0133332
0.0133332
0.0133332
0.0133332
0.0133332
0.0133332
0.0133332
0.0133332
0.0133332
0.0133332
0.0133332
0.0133332
0.0133332
0.0133332
0.0133332
0.0133332
0.0133332
0.0133332
0.0133332
0.0133332
0.0133332
0.0133332
0.0133332
0.0133332
0.0133332
0.0133332
0.0133332
0.0133332
0.0133332
0.0133332
0.0133332
0.0133332
0.0133332
0.0133332
0.0133332
0.0133332
0.0133332
0.0133332
0.0133332
0.0133332
0.0133332
0.0133332
0.0133332
0.0133332
0.0133332
0.0133332
0.0133332
0.0133332
0.0133332
0.0133332
0.0133332
0.0133332
0.0133332
0.0133332
0.0133332
0.0133332
0.0133332
0.0133332
0.0133332
0.0133332
0.0133332
0
0
0
0
0
0
0
0
0
0
0
0
0
0
0
0
0
0
0
0
0
0
0
0
0
0
0
0
0
0
0
0
0
0
0
0
0
0
0
0
0
0
0
0
0
0
0
0
0
0
0
0
0
0
0
0
0
0
0
0
0
0
0
0
0
0
0
0
0
0
0
0
0
0
0
0
0
0
0
0
0
0
0
0
0
0
0
0
0
0
0
0
0
0
0
0
0
0
0
0
0
0
0
0
0
0
0
0
0
0
0
0
0
0
0
0
0
0
0
0
0
0
0
0
0
0
0
0
0
0
0
0
0
0
0
0
0
0
0
0
0
0
0
0
0
0
0
0
0
0
0
0
0
0
0
0
0
0
0
0
0
0
0
0
0
0
0
0
0
0
0
0
0
0
0
0
0
0
0
0
0
0
0
0
0
0
0
0
0
0
0
0
0
0
0
0
0
0
0
0
0
0
0
0
0
0
0
0
0
0
0
0
0
0
0
0
0
0
0
0
0
0
0
0
0
0
0
0
0
0
0
0
0
0
0
0
0
0
0
0
0
0
0
0
0
0
0
0
0
0
0
0
0
0
0
0
0
0
0
0
0
0
0
0
0
0
0
0
0
0
0
0
0
0
0
0
0
0
0
0
0
0
0
0
0
0
0
0
0
0
0
0
0
0
0
0
0
0
0
0
0
0
0
0
0
0
0
0
0
0
0
0
0
0
0
0
0
0
0
0
0
0
0
0
0
0
0
0
0
0
0
0
0
0
0
0
0
0
0
0
0
0
0
0
0
0
0
0
0
0
0
0
0
0
0
0
0
0
0
0
0
0
0
0
0
0
0
0
0
0
0
0
0
0
0
0
0
0
0
0
0
0
0
0
0
0
0
0
0
0
0
0
0
0
0
0
0
0
0
0
0
0
0
0
0
0
0
0
0
0
0
0
0
0
0
0
0
0
0
0
0
0
0
0
0
0
0
0
0
0
0
0
0
0
0
0
0
0
0
0
0
0
0
0
0
0
0
0
0
0
0
0
0
0
0
0
0
0
0
0
0
0
0
0
0
0
0
0
0
0
0
0
0
0
0
0
0
0
0
0
0
0
0
0
0
0
0
0
0
0
0
0
0
0
0
0
0
0
0
0
0
0
0
0
0
0
0
0
0
0
0
0
0
0
0
0
0
0
0
0
0
0
0
0
0
0
0
0
0
0
0
0
0
0
0
0
0
0
0
0
0
0
0
0
0
0
0
0
0
0
0
0
0
0
0
0
0
0
0
0
0
0
0
0
0
0
0
0
0
0
0
0
0
0
0
0
0
0
0
0
0
0
0
0
0
0
0
0
0
0
0
0
0
0
0
0
0
0
0
0
0
0
0
0
0
0
0
0
0
0
0
0
0
0
0
0
0
0
0
0
0
0
0
0
0
0
0
0
0
0
0
0
0
0
0
0
0
0
0
0
0
0
0
0
0
0
0
0
0
0
0
0
0
0
0
0
0
0
0
0
0
0
0
0
0
0
0
0
0
0
0
0
0
0
0
0
0
0
0
0
0
0
0
0
0
0
0
0
0
0
0
0
0
0
0
0
0
0
0
0
0
0
0
0
0
0
0
0
0
0
0
0
0
0
0
0
0
0
0
0
0
0
0
0
0
0
0
0
0
0
0
0
0
0
0
0
0
0
0
0
0
0
0
0
0
0
0
0
0
0
0
0
0
0
0
0
0
0
0
0
0
0
0
0
0
0
0
0
0
0
0
0
0
0
0
0
0
0
0
0
0
0
0
0
0
0
0
0
0
0
0
0
0
0
0
0
0
0
0
0
0
0
0
