0
0
0.160003
0.165003
0.170003
0.175003
0.220004
0.225004
0.230004
0.235004
0.280005
0.285005
0.290005
0.295005
0.340006
0.345006
0.350006
0.355006
0.453341
0.460008
0.466675
0.473341
0.58001
0.582677
0.585343
0.58801
0.590677
0.626677
0.630011
0.633344
0.636677
0.686678
0.688345
0.690012
0.691678
0.893348
0.896682
0.900015
0.903349
0.906682
0.910015
0.913349
0.916682
0.933349
0.933349
0.933349
0.933349
0.940016
0.940016
0.940016
0.940016
0.946683
0.948349
0.950016
0.951683
0.966683
0.966683
0.966683
0.966683
0.980017
0.981683
0.98335
0.985017
0.986683
0.986683
0.986683
0.986683
0.986683
0.986683
0.986683
0.986683
0.986683
0.986683
0.986683
0.986683
0.986683
0.986683
0.986683
0.986683
0.986683
0.986683
0.986683
0.986683
0.986683
0.986683
0.986683
0.986683
0.986683
0.986683
0.986683
0.986683
0.986683
0.986683
0.986683
0.986683
0.986683
0.986683
0.986683
0.986683
0.986683
0.986683
0.986683
0.986683
0.986683
0.986683
0.986683
0.986683
0.986683
0.986683
0.986683
0.986683
0.986683
0.986683
0.986683
0.986683
0.986683
0.986683
0.986683
0.986683
0.986683
0.986683
0.986683
0.986683
0.986683
0.986683
0.986683
0.986683
0.986683
0.986683
0.986683
0.986683
0.986683
0.986683
0.986683
0.986683
0.986683
0.986683
0.986683
0.986683
0.986683
0.986683
0.986683
0.986683
0.986683
0.986683
0.986683
0.986683
0.986683
0.986683
0.986683
0.986683
0.986683
0.986683
0.986683
0.986683
0.986683
0.986683
0.986683
0.986683
0.986683
0.986683
0.986683
0.986683
0.986683
0.986683
0.986683
0.986683
0.986683
0.986683
0.986683
0.986683
0.986683
0.986683
0.986683
0.986683
0.986683
0.986683
0.986683
0.986683
0.986683
0.986683
0.986683
0.98585
0.985017
0.984183
0.98335
0.982517
0.981683
0.98085
0.980017
0.980017
0.980017
0.980017
0.980017
0.980017
0.980017
0.980017
0.980017
0.980017
0.980017
0.980017
0.980017
0.980017
0.980017
0.980017
0.980017
0.980017
0.980017
0.980017
0.980017
0.979504
0.978991
0.978478
0.977965
0.977453
0.97694
0.976427
0.975914
0.975401
0.974888
0.974375
0.973863
0.97335
0.972794
0.972239
0.971683
0.971128
0.970572
0.970016
0.969461
0.968905
0.96835
0.967794
0.967239
0.966683
0.966683
0.966683
0.966683
0.960016
0.959183
0.958349
0.957516
0.956683
0.955849
0.955016
0.954183
0.953349
0.953349
0.953349
0.953349
0.953349
0.951683
0.950016
0.948349
0.946683
0.946683
0.946683
0.946683
0.946683
0.945942
0.945201
0.944461
0.94372
0.942979
0.942238
0.941497
0.940757
0.940016
0.938349
0.936682
0.935016
0.933349
0.932516
0.931682
0.930849
0.930016
0.929182
0.928349
0.927516
0.926682
0.926682
0.926682
0.926682
0.926682
0.926682
0.926682
0.926682
0.926682
0.925016
0.923349
0.921682
0.920015
0.919182
0.918349
0.917515
0.916682
0.915849
0.915015
0.914182
0.913349
0.912608
0.911867
0.911127
0.910386
0.909645
0.908904
0.908164
0.907423
0.906682
0.905849
0.905015
0.904182
0.903349
0.902515
0.901682
0.900849
0.900015
0.898348
0.896682
0.895015
0.893348
0.892515
0.891682
0.890848
0.890015
0.889182
0.888348
0.887515
0.886682
0.885571
0.88446
0.883348
0.882237
0.881126
0.880015
0.878904
0.877793
0.876682
0.87557
0.874459
0.866681
0.865014
0.863348
0.861681
0.860014
0.858348
0.856681
0.855014
0.853348
0.85181
0.850271
0.848733
0.847194
0.845656
0.844117
0.842579
0.84104
0.839502
0.837963
0.836424
0.834886
0.833347
0.831125
0.828903
0.82668
0.824458
0.822236
0.820014
0.817792
0.815569
0.813347
0.811125
0.808903
0.80668
0.803347
0.800014
0.79668
0.793347
0.790013
0.78668
0.783347
0.780013
0.778052
0.776092
0.774131
0.77217
0.770209
0.768248
0.766287
0.764327
0.762366
0.760405
0.758444
0.756483
0.754523
0.752562
0.750601
0.74864
0.746679
0.74279
0.738901
0.735013
0.731124
0.727235
0.723346
0.719457
0.715568
0.711679
0.70779
0.703901
0.700012
0.697928
0.695845
0.693762
0.691678
0.689595
0.687512
0.685428
0.683345
0.681261
0.679178
0.677095
0.675011
0.672928
0.670845
0.668761
0.666678
0.663345
0.660011
0.656678
0.653344
0.650011
0.646678
0.643344
0.640011
0.637447
0.634882
0.632318
0.629754
0.62719
0.624626
0.622062
0.619498
0.616933
0.614369
0.611805
0.609241
0.606677
0.603899
0.601121
0.598343
0.595566
0.592788
0.59001
0.587232
0.584454
0.581676
0.578899
0.576121
0.573343
0.57001
0.566676
0.563343
0.560009
0.556676
0.553343
0.550009
0.546676
0.543343
0.540009
0.536676
0.533342
0.530265
0.527188
0.524111
0.521034
0.517957
0.51488
0.511804
0.508727
0.50565
0.502573
0.499496
0.496419
0.493342
0.490425
0.487508
0.484592
0.481675
0.478758
0.475841
0.472925
0.470008
0.467091
0.464175
0.461258
0.458341
0.455424
0.452508
0.449591
0.446674
0.444174
0.441674
0.439174
0.436674
0.434174
0.431674
0.429174
0.426674
0.424713
0.422752
0.420791
0.418831
0.41687
0.414909
0.412948
0.410987
0.409027
0.407066
0.405105
0.403144
0.401183
0.399222
0.397262
0.395301
0.39334
0.391257
0.389173
0.38709
0.385006
0.382923
0.38084
0.378756
0.376673
0.37459
0.372506
0.370423
0.36834
0.366256
0.364173
0.362089
0.360006
0.358339
0.356673
0.355006
0.353339
0.351673
0.350006
0.348339
0.346673
0.345006
0.343339
0.341672
0.340006
0.337784
0.335561
0.333339
0.331117
0.328895
0.326672
0.32445
0.322228
0.320005
0.317783
0.315561
0.313339
0.311857
0.310376
0.308894
0.307413
0.305931
0.30445
0.302968
0.301487
0.300005
0.298338
0.296672
0.295005
0.260004
0.260004
0.260004
0.260004
0.253338
0.253338
0.253338
0.253338
0.253338
0.250004
0.246671
0.243337
0.233337
0.233337
0.233337
0.233337
0.233337
0.231671
0.230004
0.228337
0.213337
0.212504
0.21167
0.210837
0.210004
0.20917
0.208337
0.207504
0.20667
0.205337
0.204003
0.20267
0.201337
0.200003
0.197503
0.195003
0.192503
0.190003
0.187503
0.185003
0.182503
0.173336
0.172503
0.17167
0.170836
0.170003
0.16917
0.168336
0.167503
0.166669
0.165003
0.163336
0.161669
0.160003
0.160003
0.160003
0.160003
0.160003
0.158336
0.156669
0.155003
0.140002
0.140002
0.140002
0.140002
0.140002
0.138336
0.136669
0.135002
0.126669
0.125002
0.123335
0.121669
0.120002
0.120002
0.120002
0.120002
0.120002
0.106668
0.106668
0.106668
0.106668
0.106668
0.106668
0.106668
0.106668
0.106668
0.105002
0.103335
0.101668
0.100002
0.098335
0.0966683
0.0950016
0.0866681
0.0866681
0.0866681
0.0866681
0.0800014
0.0800014
0.0800014
0.0800014
0.0733346
0.0733346
0.0733346
0.0733346
0.0733346
0.0716679
0.0700012
0.0683345
0.0666678
0.0666678
0.0666678
0.0666678
0.060001
0.060001
0.060001
0.060001
0.0533342
0.0533342
0.0533342
0.0533342
0.0533342
0.0533342
0.0516675
0.0500008
0.0483342
0.0400007
0.0400007
0.0400007
0.0400007
0.0333339
0.0333339
0.0333339
0.0333339
0.0333339
0.0333339
0.0333339
0.0333339
0.0266671
0.0258338
0.0250004
0.0241671
0.0233337
0.0225004
0.021667
0.0208337
0.0200003
0.0200003
0.0200003
0.0200003
0.0200003
0.0200003
0.0200003
0.0200003
0.0200003
0.0200003
0.0200003
0.0200003
0.0200003
0.0200003
0.0200003
0.0200003
0.0200003
0.0200003
0.0200003
0.0200003
0.0200003
0.0133336
0.0133336
0.0133336
0.0133336
0.0133336
0.0133336
0.0133336
0.0133336
0.0133336
0.0133336
0.0133336
0.0133336
0.0133336
0.0133336
0.0133336
0.0133336
0.0133336
0.0133336
0.0133336
0.0133336
0.0133336
0.0116669
0.0100002
0.00833347
0.00666678
0.00666678
0.00666678
0.00666678
0.00666678
0.00666678
0.00666678
0.00666678
0.00666678
0.00666678
0.00666678
0.00666678
0.00666678
0.00666678
0.00666678
0.00666678
0.00666678
0
0
0
0
0
0
0
0
0
0
0
0
0
0
0
0
0
0
0
0
0
0
0
0
0
0
0
0
0
0
0
0
0
0
0
0
0
0
0
0
0
0
0
0
0
0
0
0
0
0
0
0
0
0
0
0
0
0
0
0
0
0
0
0
0
0
0
0
0
0
0
0
0
0
0
0
0
0
0
0
0
0
0
0
0
0
0
0
0
0
0
0
0
0
0
0
0
0
0
0
0
0
0
0
0
0
0
0
0
0
0
0
0
0
0
0
0
0
0
0
0
0
0
0
0
0
0
0
0
0
0
0
0
0
0
0
0
0
0
0
0
0
0
0
0
0
0
0
0
0
0
0
0
0
0
0
0
0
0
0
0
0
0
0
0
0
0
0
0
0
0
0
0
0
0
0
0
0
0
0
0
0
0
0
0
0
0
0
0
0
0
0
0
0
0
0
0
0
0
0
0
0
0
0
0
0
0
0
0
0
0
0
0
0
0
0
0
0
0
0
0
0
0
0
0
0
0
0
0
0
0
0
0
0
0
0
0
0
0
0
0
0
0
0
0
0
0
0
0
0
0
0
0
0
0
0
0
0
0
0
0
0
0
0
0
0
0
0
0
0
0
0
0
0
0
0
0
0
0
0
0
0
0
0
0
0
0
0
0
0
0
0
0
0
0
0
0
0
0
0
0
0
0
0
0
0
0
0
0
0
0
0
0
0
0
0
0
0
0
0
0
0
0
0
0
0
0
0
0
0
0
0
0
0
0
0
0
0
0
0
0
0
0
0
0
0
0
0
0
0
0
0
0
0
0
0
0
0
0
0
0
0
0
0
0
0
0
0
0
0
0
0
0
0
0
0
0
0
0
0
0
0
0
0
0
0
0
0
0
0
0
0
0
0
0
0
0
0
0
0
0
0
0
0
0
0
0
0
0
0
0
0
0
0
0
0
0
0
0
0
0
0
0
0
0
0
0
0
0
0
0
0
0
0
0
0
0
0
0
0
0
0
0
0
0
0
0
0
0
0
0
0
0
0
0
0
0
0
0
0
0
0
0
0
0
0
0
0
0
0
0
0
0
0
0
0
0
0
0
0
0
0
0
0
0
0
0
0
0
0
0
0
0
0
0
0
0
0
0
0
0
0
0
0
0
0
0
0
0
0
0
0
0
0
0
0
0
0
0
0
0
0
0
0
0
0
0
0
0
0
0
0
0
0
0
0
0
0
0
0
0
0
0
0
0
0
0
0
0
0
0
0
0
0
0
0
0
0
0
0
0
0
0
0
0
0
0
0
0
0
0
0
0
0
0
0
0
0
0
0
0
0
0
0
0
0
0
0
0
0
0
0
0
0
0
0
0
0
0
0
0
0
0
0
0
0
0
0
0
0
0
0
0
0
0
0
0
0
0
0
0
0
0
0
0
0
0
0
0
0
0
0
0
0
0
0
0
0
0
0
0
0
0
0
0
0
0
0
0
0
0
0
0
0
0
0
0
0
0
0
0
0
0
0
0
0
0
0
0
0
0
0
0
0
0
0
0
0
0
0
0
0
0
0
0
0
0
0
0
0
0
0
0
0
0
0
0
0
0
0
0
0
0
0
0
0
0
0
0
0
0
0
0
0
0
0
0
0
0
0
0
0
0
0
0
0
0
0
0
0
0
0
0
0
0
0
0
0
0
0
0
0
0
0
0
0
0
0
0
0
0
0
0
0
0
0
0
0
0
0
0
0
0
0
0
0
0
0
0
0
0
0
0
0
0
0
0
0
0
0
0
0
0
0
0
0
0
0
0
0
0
0
0
0
0
0
0
0
0
0
0
0
0
0
0
0
0
0
0
0
0
0
0
0
0
0
0
0
0
0
0
0
0
0
0
0
0
0
0
0
0
0
0
0
0
0
0
0
0
0
0
0
0
0
0
0
0
0
0
0
0
0
0
0
0
0
0
0
0
0
0
0
0
0
0
0
0
0
0
0
0
0
0
0
0
0
0
0
0
0
0
0
0
0
0
0
0
0
0
0
0
0
0
0
0
0
0
0
0
0
0
0
0
0
0
0
0
0
0
0
0
0
0
0
0
0
0
0
0
0
0
0
0
0
0
0
0
0
0
0
0
0
0
0
0
0
0
0
0
0
0
0
0
0
0
0
0
0
0
0
0
0
0
0
0
0
0
0
0
0
0
0
0
0
0
0
0
0
0
0
0
0
0
0
0
0
0
0
0
0
0
0
0
0
0
0
0
0
0
0
0
0
0
0
0
0
0
0
0
0
0
0
0
0
0
0
0
0
0
0
0
0
0
0
0
0
0
0
0
0
0
0
0
0
0
0
0
0
0
0
0
0
0
0
0
0
0
0
0
0
0
0
0
0
0
0
0
0
0
0
0
0
0
0
0
0
0
0
0
0
0
0
0
0
0
0
0
0
0
0
0
0
0
0
0
0
0
0
0
0
0
0
0
0
0
0
0
0
0
0
0
0
0
0
0
0
0
0
0
0
0
0
0
0
0
0
0
0
0
0
0
0
0
0
0
0
0
0
0
0
0
0
0
0
0
0
0
0
0
0
0
0
0
0
0
0
0
0
0
0
0
0
0
0
0
0
0
0
0
0
0
0
0
0
0
0
0
0
0
0
0
0
0
0
0
0
0
0
0
0
0
0
0
0
0
0
0
0
0
0
0
0
0
0
0
0
0
0
0
0
0
0
0
0
0
0
0
0
0
0
0
0
0
0
0
0
0
0
0
0
0
0
0
0
0
0
0
0
0
0
0
0
0
0
0
0
0
0
0
0
0
0
0
0
0
0
0
0
0
0
0
0
0
0
0
0
0
0
0
0
0
0
0
0
0
0
0
0
0
0
0
