0
0
0
0.00333339
0.0733346
0.0733346
0.120002
0.123335
0.153336
0.163336
0.200003
0.20667
0.37334
0.376673
0.733346
0.755568
0.757791
0.760013
0.790013
0.793347
0.826681
0.826681
0.850014
0.853348
0.873348
0.873348
0.886682
0.886682
0.896682
0.900015
0.910015
0.913349
0.916682
0.920016
0.936683
0.940016
0.943349
0.946683
0.956683
0.960016
0.96335
0.966683
0.966683
0.966683
0.966683
0.966683
0.966683
0.966683
0.970016
0.980017
0.980017
0.986683
0.986683
0.986683
0.986683
0.986683
1.00002
1.00002
1.00002
1.00002
1.00002
1.00002
1.00668
1.00668
1.00668
1.00668
1.00668
1.00668
1.00668
1.00668
1.00668
1.00668
1.00668
1.00668
1.00668
1.00668
1.00668
1.00668
1.00668
1.00668
1.00002
1.00002
1.00002
1.00002
0.99335
0.99335
0.99335
0.99335
0.99335
0.99335
0.99335
0.99335
0.99335
0.99335
0.986683
0.986683
0.986683
0.98335
0.980017
0.980017
0.980017
0.980017
0.976683
0.97335
0.97335
0.97335
0.970016
0.966683
0.966683
0.966683
0.966683
0.966683
0.96335
0.960016
0.960016
0.960016
0.960016
0.960016
0.960016
0.953349
0.953349
0.953349
0.953349
0.946683
0.946683
0.946683
0.946683
0.946683
0.943349
0.940016
0.940016
0.940016
0.940016
0.926682
0.926682
0.926682
0.926682
0.920016
0.920016
0.913349
0.910492
0.907634
0.904777
0.90192
0.899063
0.896206
0.893348
0.890015
0.886682
0.883348
0.880015
0.876682
0.873348
0.870015
0.866681
0.865015
0.863348
0.861681
0.860015
0.85557
0.851126
0.846681
0.842237
0.837792
0.833347
0.830014
0.826681
0.823347
0.820014
0.81668
0.813347
0.810014
0.80668
0.803347
0.800014
0.79668
0.793347
0.788347
0.783347
0.778347
0.773346
0.763346
0.753346
0.750013
0.746679
0.743346
0.740013
0.737346
0.734679
0.732012
0.729346
0.726679
0.713345
0.700012
0.696678
0.693345
0.690012
0.680012
0.673345
0.666678
0.660011
0.633344
0.626677
0.62001
0.61001
0.60001
0.59001
0.58001
0.573343
0.566676
0.563343
0.553343
0.546676
0.533342
0.526676
0.520009
0.513342
0.506675
0.503342
0.486675
0.483342
0.473341
0.470008
0.460008
0.450008
0.426674
0.42334
0.406674
0.400007
0.39334
0.386673
0.380006
0.375562
0.371117
0.360006
0.353339
0.340006
0.336672
0.333339
0.330006
0.326672
0.310005
0.293338
0.286672
0.253338
0.250004
0.246671
0.243337
0.240004
0.233337
0.213337
0.20667
0.193337
0.18667
0.180003
0.17667
0.166669
0.163336
0.146669
0.140002
0.133336
0.130002
0.106668
0.103335
0.100002
0.0966683
0.0933349
0.0900015
0.0666678
0.0666678
0.0666678
0.0666678
0.060001
0.060001
0.0533342
0.0533342
0.0533342
0.051112
0.0488897
0.0400007
0.0400007
0.0400007
0.0400007
0.0333339
0.0333339
0.0333339
0.0300005
0.0266671
0.0266671
0.0200003
0.0200003
0.0200003
0.0166669
0.0133336
0.0100002
0.00666678
0.00666678
0.00666678
0.00333339
0
-0.00333339
-0.00666678
0
0
0
0
0
0
0
0
0
0
0
0
0
0
0
0
0
0
0
0
0
0
0
0
0
0
0
0
0
0
0
0
0
0
0
0
0
0
0
0
0
0
0
0
0
0
0
0
0
0
0
0
0
0
0
0
0
0
0
0
0
0
0
0
0
0
0
0
0
0
0
0
0
0
0
0
0
0
0
0
0
0
0
0
0
0
0
0
0
0
0
0
0
0
0
0
0
0
0
0
0
0
0
0
0
0
0
0
0
0
0
0
0
0
0
0
0
0
0
0
0
0
0
0
0
0
0
0
0
0
0
0
0
0
0
0
0
0
0
0
0
0
0
0
0
0
0
0
0
0
0
0
0
0
0
0
0
0
0
0
0
0
0
0
0
0
0
0
0
0
0
0
0
0
0
0
0
0
0
0
0
0
0
0
0
0
0
0
0
0
0
0
0
0
0
0
0
0
0
0
0
0
0
0
0
0
0
0
0
0
0
0
0
0
0
0
0
0
0
0
0
0
0
0
0
0
0
0
0
0
0
0
0
0
0
0
0
0
0
0
0
0
0
0
0
0
0
0
0
0
0
0
0
0
0
0
0
0
0
0
0
0
0
0
0
0
0
0
0
0
0
0
0
0
0
0
0
0
0
0
0
0
0
0
0
0
0
0
0
0
0
0
0
0
0
0
0
0
0
0
0
0
0
0
0
0
0
0
0
0
0
0
0
0
0
0
0
0
0
0
0
0
0
0
0
0
0
0
0
0
0
0
0
0
0
0
0
0
0
0
0
0
0
0
0
0
0
0
0
0
0
0
0
0
0
0
0
0
0
0
0
0
0
0
0
0
0
0
0
0
0
0
0
0
0
0
0
0
0
0
0
0
0
0
0
0
0
0
0
0
0
0
0
0
0
0
0
0
0
0
0
0
0
0
0
0
0
0
0
0
0
0
0
0
0
0
0
0
0
0
0
0
0
0
0
0
0
0
0
0
0
0
0
0
0
0
0
0
0
0
0
0
0
0
0
0
0
0
0
0
0
0
0
0
0
0
0
0
0
0
0
0
0
0
0
0
0
0
0
0
0
0
0
0
0
0
0
0
0
0
0
0
0
0
0
0
0
0
0
0
0
0
0
0
0
0
0
0
0
0
0
0
0
0
0
0
0
0
0
0
0
0
0
0
0
0
0
0
0
0
0
0
0
0
0
0
0
0
0
0
0
0
0
0
0
0
0
0
0
0
0
0
0
0
0
0
0
0
0
0
0
0
0
0
0
0
0
0
0
0
0
0
0
0
0
0
0
0
0
0
0
0
0
0
0
0
0
0
0
0
0
0
0
0
0
0
0
0
0
0
0
0
0
0
0
0
0
0
0
0
0
0
0
0
0
0
0
0
0
0
0
0
0
0
0
0
0
0
0
0
0
0
0
0
0
0
0
0
0
0
0
0
0
0
0
0
0
0
0
0
0
0
0
0
0
0
0
0
0
0
0
0
0
0
0
0
0
0
0
0
0
0
0
0
0
0
0
0
0
0
0
0
0
0
0
0
0
0
0
0
0
0
0
0
0
0
0
0
0
0
0
0
0
0
0
0
0
0
0
0
0
0
0
0
0
0
0
0
0
0
0
0
0
0
0
0
0
0
0
0
0
0
