-0.00666714
0.00666642
0.00666642
0.0133332
0.720012
0.726679
0.80668
0.80668
0.853347
0.866681
0.893348
0.900015
0.926682
0.933349
0.960016
0.963349
1.02002
1.02002
1.02002
1.02002
0.893348
0.890015
0.866681
0.866681
0.860014
0.856681
0.840014
0.840014
0.80668
0.80668
0.733345
0.733345
0.693345
0.690011
0.666678
0.663344
0.646677
0.643344
0.633344
0.63001
0.613343
0.613343
0.613343
0.580009
0.580009
0.553342
0.550009
0.540009
0.540009
0.526675
0.523342
0.513342
0.510008
0.493341
0.493341
0.473341
0.473341
0.446674
0.44334
0.400006
0.400006
0.373339
0.373339
0.353339
0.346672
0.340005
0.336672
0.326672
0.320005
0.300005
0.300005
0.293338
0.290005
0.273338
0.266671
0.260004
0.256671
0.24667
0.24667
0.233337
0.230004
0.220003
0.21667
0.213337
0.213337
0.20667
0.20667
0.20667
0.186669
0.186669
0.180003
0.180003
0.180003
0.180003
0.180003
0.173336
0.160002
0.160002
0.160002
0.156669
0.153336
0.153336
0.153336
0.150002
0.146669
0.145002
0.143335
0.141669
0.133335
0.131669
0.130002
0.128335
0.126668
0.126668
0.126668
0.126668
0.126668
0.126668
0.126668
0.123335
0.120002
0.120002
0.113335
0.111668
0.110002
0.108335
0.106668
0.103335
0.100001
0.100001
0.0933346
0.0933346
0.0933346
0.0933346
0.0933346
0.0933346
0.0900012
0.0866678
0.0833344
0.0733342
0.0733342
0.0733342
0.0700008
0.0666674
0.063334
0.0600007
0.0566673
0.0533339
0.0466671
0.0400003
0.0400003
0.0333335
0.0333335
0.0333335
0.0333335
0.0266668
0.0266668
0.0266668
0.0266668
0.0266668
0.0233334
0.02
0.02
0.02
0.0166666
0.0133332
0.0133332
0.0133332
0.00999981
0.00666642
0.00666642
0.00666642
0.00666642
0.00666642
0.00666642
0.00666642
0.00444416
0.0022219
-3.57628e-07
-3.57628e-07
-3.57628e-07
-3.57628e-07
-3.57628e-07
-3.57628e-07
-3.57628e-07
-3.57628e-07
-3.57628e-07
-3.57628e-07
-3.57628e-07
-0.00166705
-0.00333375
-0.00500044
-0.00666714
-0.00666714
-0.00666714
-0.00666714
-0.00666714
-0.00666714
-0.00666714
-0.00666714
-0.00666714
-0.00666714
-0.00666714
-0.00666714
-0.00666714
-0.00666714
-0.00666714
-0.00666714
-0.00666714
-0.00666714
-0.00666714
-0.00666714
-0.00666714
-0.00666714
-0.00666714
-0.00666714
-0.00666714
-0.00666714
-0.00666714
-0.00666714
-0.00666714
-0.00666714
-0.00666714
-0.00666714
-0.00666714
-0.00666714
-0.00666714
-0.00666714
-0.00666714
-0.00666714
-0.00666714
-0.00666714
-0.00666714
-0.00666714
-0.00666714
-0.00666714
-0.00666714
-0.00666714
-0.00666714
-0.00666714
-0.00666714
-0.00666714
-0.00666714
-0.00666714
-0.00666714
-0.00666714
-0.00666714
-0.00666714
-0.00666714
-0.00666714
-0.00666714
-0.00666714
-0.00666714
-0.00666714
-0.00666714
-0.00666714
-0.00666714
-0.00666714
-0.00666714
-0.00666714
-0.00666714
-0.00666714
-0.00666714
-0.00666714
-0.00666714
-0.00666714
-0.00666714
-0.00666714
-0.00666714
-0.00666714
-0.00666714
-0.00666714
-0.00666714
-0.00666714
-0.00666714
-0.00666714
-0.00666714
-0.00666714
-0.00666714
-0.00666714
-3.57628e-07
-3.57628e-07
-3.57628e-07
-3.57628e-07
-3.57705e-07
0.0022219
0.00444416
0.00666642
0.00666642
0.00666642
0.00666642
0.00666642
0.00666642
0.00666642
0.00666642
0.00666642
0.00666642
0.0133332
0
0
0
0
0
0
0
0
0
0
0
0
0
0
0
0
0
0
0
0
0
0
0
0
0
0
0
0
0
0
0
0
0
0
0
0
0
0
0
0
0
0
0
0
0
0
0
0
0
0
0
0
0
0
0
0
0
0
0
0
0
0
0
0
0
0
0
0
0
0
0
0
0
0
0
0
0
0
0
0
0
0
0
0
0
0
0
0
0
0
0
0
0
0
0
0
0
0
0
0
0
0
0
0
0
0
0
0
0
0
0
0
0
0
0
0
0
0
0
0
0
0
0
0
0
0
0
0
0
0
0
0
0
0
0
0
0
0
0
0
0
0
0
0
0
0
0
0
0
0
0
0
0
0
0
0
0
0
0
0
0
0
0
0
0
0
0
0
0
0
0
0
0
0
0
0
0
0
0
0
0
0
0
0
0
0
0
0
0
0
0
0
0
0
0
0
0
0
0
0
0
0
0
0
0
0
0
0
0
0
0
0
0
0
0
0
0
0
0
0
0
0
0
0
0
0
0
0
0
0
0
0
0
0
0
0
0
0
0
0
0
0
0
0
0
0
0
0
0
0
0
0
0
0
0
0
0
0
0
0
0
0
0
0
0
0
0
0
0
0
0
0
0
0
0
0
0
0
0
0
0
0
0
0
0
0
0
0
0
0
0
0
0
0
0
0
0
0
0
0
0
0
0
0
0
0
0
0
0
0
0
0
0
0
0
0
0
0
0
0
0
0
0
0
0
0
0
0
0
0
0
0
0
0
0
0
0
0
0
0
0
0
0
0
0
0
0
0
0
0
0
0
0
0
0
0
0
0
0
0
0
0
0
0
0
0
0
0
0
0
0
0
0
0
0
0
0
0
0
0
0
0
0
0
0
0
0
0
0
0
0
0
0
0
0
0
0
0
0
0
0
0
0
0
0
0
0
0
0
0
0
0
0
0
0
0
0
0
0
0
0
0
0
0
0
0
0
0
0
0
0
0
0
0
0
0
0
0
0
0
0
0
0
0
0
0
0
0
0
0
0
0
0
0
0
0
0
0
0
0
0
0
0
0
0
0
0
0
0
0
0
0
0
0
0
0
0
0
0
0
0
0
0
0
0
0
0
0
0
0
0
0
0
0
0
0
0
0
0
0
0
0
0
0
0
0
0
0
0
0
0
0
0
0
0
0
0
0
0
0
0
0
0
0
0
0
0
0
0
0
0
0
0
0
0
0
0
0
0
0
0
0
0
0
0
0
0
0
0
0
0
0
0
0
0
0
0
0
0
0
0
0
0
0
0
0
0
0
0
0
0
0
0
0
0
0
0
0
0
0
0
0
0
0
0
0
0
0
0
0
0
0
0
0
0
0
0
0
0
0
0
0
0
0
0
0
0
0
0
0
0
0
0
0
0
0
0
0
0
0
0
0
0
0
0
0
0
0
0
0
0
0
0
0
0
0
0
0
0
0
0
0
0
0
0
0
0
0
0
0
0
0
0
0
0
0
0
0
0
0
0
0
0
0
0
0
0
0
0
0
0
0
0
0
0
0
0
0
0
0
0
0
0
0
0
0
0
0
0
0
0
0
0
0
0
0
0
0
0
0
0
0
0
0
0
0
0
0
0
0
0
0
0
0
0
0
0
0
0
0
0
0
0
0
0
0
